    Autovector 1   Autovector 2    Easthing coordinate(m)   Northing coordinate(m)
 
[-0.97507004  0.2218973 ] [-0.2218973  -0.97507004] 406128.307601 2171284.9247

[ 0.99098899 -0.13394334] [ 0.13394334  0.99098899] 601738.212968 2172507.26812

[ 0.99098899 -0.13394334] [ 0.13394334  0.99098899] 576474.683548 2177186.0519

[-0.93258537  0.36094947] [-0.36094947 -0.93258537] 396839.031317 2179142.16639

[ 0.72460522  0.68916419] [-0.68916419  0.72460522] 417713.526169 2186246.29095

[-0.93258537  0.36094947] [-0.36094947 -0.93258537] 398966.913709 2185043.80344

[-0.93258537  0.36094947] [-0.36094947 -0.93258537] 400126.976353 2186769.23268

[-0.93258537  0.36094947] [-0.36094947 -0.93258537] 404783.152238 2187415.03917

[-0.97726359  0.212028  ] [-0.212028   -0.97726359] 405686.627371 2200959.98476

[-0.99326076 -0.11590105] [ 0.11590105 -0.99326076] 388269.869265 2203191.98147

[-0.99930827  0.03718836] [-0.03718836 -0.99930827] 406702.40191 2229130.72154

[ 0.99388533 -0.11041719] [ 0.11041719  0.99388533] 409683.141804 2256816.07534

[ 0.99669592 -0.08122339] [ 0.08122339  0.99669592] 612551.193942 2275397.3482

[ 0.99589459 -0.09052055] [ 0.09052055  0.99589459] 584677.169325 2278452.10507

[ 0.99023869  0.13938201] [-0.13938201  0.99023869] 403967.296158 2297329.43003

[ 0.99023869  0.13938201] [-0.13938201  0.99023869] 424020.400757 2311325.3409

[ 0.97849197  0.2062849 ] [-0.2062849   0.97849197] 398706.609166 2338970.56124

[ 0.98838254  0.15198671] [-0.15198671  0.98838254] 611423.883922 2354493.86262

[-0.84156325  0.54015859] [-0.54015859 -0.84156325] 396294.522076 2384520.6633

[-0.84156325  0.54015859] [-0.54015859 -0.84156325] 411153.655016 2394688.27176

[ 0.98838254  0.15198671] [-0.15198671  0.98838254] 612310.853879 2399553.21702

[-0.97233741  0.23358075] [-0.23358075 -0.97233741] 429791.60296 2408775.50487

[ 0.97973215 -0.20031206] [ 0.20031206  0.97973215] 391311.62504 2416231.39379

[ 0.98322989  0.18237047] [-0.18237047  0.98322989] 605276.112328 2422513.47577

[-0.88490261 -0.4657761 ] [ 0.4657761  -0.88490261] 418407.269762 2437440.31585

[-0.99874168  0.05015031] [-0.05015031 -0.99874168] 388011.345951 2448457.0708

[-0.98297995  0.18371285] [-0.18371285 -0.98297995] 404286.222142 2460941.49058

[ 0.8952904 -0.445483 ] [ 0.445483   0.8952904] 418905.539503 2472037.89225

[ 0.87927263  0.47631885] [-0.47631885  0.87927263] 378000.867927 2481268.51148

[-0.7629006   0.64651579] [-0.64651579 -0.7629006 ] 391937.213381 2499179.35428

[-0.98419351  0.1770964 ] [-0.1770964  -0.98419351] 403290.784543 2558752.47754

