 Easthing coordinate(m)   Northing coordinate(m)   U(E)    U(N) 
 
406128.307601 2171284.9247 -0.527 -0.082

601738.212968 2172507.26812 -0.852 -0.283

576474.683548 2177186.0519 -0.149 0.003

396839.031317 2179142.16639 -0.832 -0.306

417713.526169 2186246.29095 -0.167 -0.039

398966.913709 2185043.80344 -0.756 -0.274

400126.976353 2186769.23268 -0.73 -0.246

404783.152238 2187415.03917 -0.562 -0.232

405686.627371 2200959.98476 -0.527 -0.232

388269.869265 2203191.98147 -0.851 -0.133

406702.40191 2229130.72154 -0.43 -0.199

409683.141804 2256816.07534 -0.29 -0.122

612551.193942 2275397.3482 -0.382 0.022

584677.169325 2278452.10507 -0.13 0.068

403967.296158 2297329.43003 -0.219 -0.07

424020.400757 2311325.3409 -0.078 -0.053

398706.609166 2338970.56124 -0.119 -0.028

611423.883922 2354493.86262 -0.135 0.027

396294.522076 2384520.6633 -0.074 -0.027

411153.655016 2394688.27176 -0.049 -0.022

612310.853879 2399553.21702 -0.086 0.024

429791.60296 2408775.50487 -0.008 -0.015

391311.62504 2416231.39379 -0.049 -0.003

605276.112328 2422513.47577 -0.043 0.014

418407.269762 2437440.31585 -0.015 -0.016

388011.345951 2448457.0708 -0.05 -0.01

404286.222142 2460941.49058 -0.03 -0.002

418905.539503 2472037.89225 -0.01 -0.007

378000.867927 2481268.51148 -0.036 -0.006

391937.213381 2499179.35428 -0.014 0.006

403290.784543 2558752.47754 -0.006 -0.007

