    Tensor     Easthing coordinate(m)   Northing coordinate(m)
 
[[ -2.72010330e-05  -8.55364493e-06]
 [ -8.55364493e-06   8.43917935e-06]] 406128.307601 2171284.9247

[[  1.71117169e-05   2.60284518e-06]
 [  2.60284518e-06  -1.79380844e-06]] 601738.212968 2172507.26812

[[  1.71117169e-05   2.60284518e-06]
 [  2.60284518e-06  -1.79380844e-06]] 576474.683548 2177186.0519

[[ -4.32102796e-05  -1.63165503e-05]
 [ -1.63165503e-05  -7.36838412e-06]] 396839.031317 2179142.16639

[[ -3.27180100e-05  -5.79437836e-05]
 [ -5.79437836e-05  -3.85319114e-05]] 417713.526169 2186246.29095

[[ -4.32102796e-05  -1.63165503e-05]
 [ -1.63165503e-05  -7.36838412e-06]] 398966.913709 2185043.80344

[[ -4.32102796e-05  -1.63165503e-05]
 [ -1.63165503e-05  -7.36838412e-06]] 400126.976353 2186769.23268

[[ -4.32102796e-05  -1.63165503e-05]
 [ -1.63165503e-05  -7.36838412e-06]] 404783.152238 2187415.03917

[[ -4.29738714e-05  -9.41582512e-06]
 [ -9.41582512e-06  -1.61802181e-06]] 405686.627371 2200959.98476

[[ -1.28899969e-05   9.64505336e-07]
 [  9.64505336e-07  -4.73682515e-06]] 388269.869265 2203191.98147

[[ -1.80991439e-05  -6.42092593e-07]
 [ -6.42092593e-07  -8.69026744e-07]] 406702.40191 2229130.72154

[[  1.18914252e-05   1.54284694e-06]
 [  1.54284694e-06  -1.82461765e-06]] 409683.141804 2256816.07534

[[  1.67850594e-05   1.52729067e-06]
 [  1.52729067e-06  -1.83193102e-06]] 612551.193942 2275397.3482

[[  8.81577822e-06   8.21556563e-07]
 [  8.21556563e-07  -1.48199220e-07]] 584677.169325 2278452.10507

[[  1.55824345e-06  -3.97775445e-07]
 [ -3.97775445e-07  -1.21176070e-06]] 403967.296158 2297329.43003

[[  1.55824345e-06  -3.97775445e-07]
 [ -3.97775445e-07  -1.21176070e-06]] 424020.400757 2311325.3409

[[  6.46570037e-07  -2.55173464e-07]
 [ -2.55173464e-07  -5.10024535e-07]] 398706.609166 2338970.56124

[[  8.10402358e-06  -1.27069946e-06]
 [ -1.27069946e-06   3.59559288e-08]] 611423.883922 2354493.86262

[[ -1.17849749e-06  -6.41232145e-07]
 [ -6.41232145e-07  -5.91038136e-07]] 396294.522076 2384520.6633

[[ -1.17849749e-06  -6.41232145e-07]
 [ -6.41232145e-07  -5.91038136e-07]] 411153.655016 2394688.27176

[[  8.10402358e-06  -1.27069946e-06]
 [ -1.27069946e-06   3.59559288e-08]] 612310.853879 2399553.21702

[[ -9.40863075e-07  -2.20472213e-07]
 [ -2.20472213e-07  -7.60563522e-08]] 429791.60296 2408775.50487

[[  1.87468643e-07   1.05160357e-07]
 [  1.05160357e-07  -3.05373069e-07]] 391311.62504 2416231.39379

[[  4.35740931e-06  -7.67917585e-07]
 [ -7.67917585e-07   3.59702078e-07]] 605276.112328 2422513.47577

[[ -8.14520249e-07   3.93077726e-07]
 [  3.93077726e-07  -2.74633162e-07]] 418407.269762 2437440.31585

[[ -1.13643731e-06  -5.83235327e-08]
 [ -5.83235327e-08   2.21451114e-08]] 388011.345951 2448457.0708

[[ -1.20253417e-06  -1.83343343e-07]
 [ -1.83343343e-07  -2.55797033e-07]] 404286.222142 2460941.49058

[[ -6.23268975e-08   1.96987690e-07]
 [  1.96987690e-07  -3.60196381e-07]] 418905.539503 2472037.89225

[[  1.23573916e-07  -3.09530682e-07]
 [ -3.09530682e-07  -2.80133239e-07]] 378000.867927 2481268.51148

[[ -3.38800407e-07  -1.90295590e-07]
 [ -1.90295590e-07  -2.75513005e-07]] 391937.213381 2499179.35428

[[ -3.35709236e-07  -6.62669815e-08]
 [ -6.62669815e-08   2.06380152e-08]] 403290.784543 2558752.47754

